$ 1 0.000005 10.200277308269968 50 5 50
165 224 192 240 192 2 3
w 352 224 352 160 0
w 352 160 288 160 0
w 352 256 400 256 0
w 400 256 400 96 0
w 400 96 112 96 0
174 80 144 144 128 0 100000 0.2822 Resistance
w 112 96 112 128 0
d 80 192 80 144 1 0.805904783
d 144 144 144 192 1 0.805904783
w 80 192 112 192 0
w 112 192 144 192 0
w 112 192 112 320 0
w 112 320 224 320 0
c 112 320 112 368 0 1.0000000000000001e-7 1.4220991104199543
g 112 368 112 384 0
w 224 288 224 320 0
w 224 224 224 112 0
w 224 112 432 112 0
r 432 112 432 64 0 220
w 432 112 448 112 0
t 448 112 480 112 0 1 -0.21857488844430295 0.7491600657520584 100
g 480 128 480 160 0
162 480 48 480 96 1 2.1024259 1 0 0
c 288 352 288 384 0 1.0000000000000001e-7 1.999999999999962
g 288 384 288 400 0
162 512 48 512 96 1 2.1024259 1 0 0
162 544 48 544 96 1 2.1024259 1 0 0
w 480 48 512 48 0
w 512 48 544 48 0
w 480 96 512 96 0
w 512 96 544 96 0
R 288 32 288 0 0 0 40 3 0 0 0.5
w 288 64 288 160 0
w 288 64 432 64 0
w 432 64 432 48 0
w 432 48 480 48 0
w 288 32 288 64 1
o 23 64 0 551 2.5 0.4 0 -1
