$ 1 0.000005 9.00171313005218 50 5 50
v 64 256 64 160 0 1 60 220 0 0 0.5
c 64 160 144 160 0 3.3e-7 7.501254150596722
r 64 256 176 256 0 625
d 144 160 144 80 1 0.805904783
d 176 256 176 80 1 0.805904783
d 144 304 144 160 1 0.805904783
d 176 304 176 256 1 0.805904783
w 144 80 176 80 0
w 144 304 176 304 0
w 176 80 224 80 0
w 176 304 224 304 0
c 224 80 224 304 0 0.000047 1.8673581161370159
162 288 80 288 304 1 2.1024259 1 0 0
w 224 80 288 80 0
w 224 304 288 304 0
o 0 64 0 551 320 0.2 0 -1
o 12 64 0 551 2.5 0.05 1 -1
