$ 1 0.000005 10.200277308269968 50 5 50
R 128 80 128 48 0 0 40 2 0 0 0.5
174 128 144 128 80 0 100000 0.32180000000000003 Resistance
g 128 144 128 160 0
w 112 112 80 112 0
w 80 112 80 192 0
c 80 192 80 240 0 0.000001 0.02819779959023151
g 80 240 80 256 0
w 240 128 176 192 0
w 240 128 336 128 2
r 80 192 176 192 0 1000
s 336 128 336 192 0 0 false
g 336 192 336 224 0
a 400 144 480 144 1 3 0 1000000
w 400 128 336 128 0
w 480 144 512 144 0
R 400 160 368 160 0 0 40 0.5 0 0 0.5
o 8 64 0 551 0.0000762939453125 0.00009765625 0 -1
o 14 64 0 551 0.000152587890625 0.00009765625 0 -1

