$ 1 0.000005 5.93429503673921 50 5 50
R 32 224 32 192 0 0 40 3 0 0 0.5
r 32 224 32 272 0 100000
174 32 272 32 336 0 100000 0.5 Resistance
r 32 336 32 384 0 100000
g 32 384 32 400 0
a 112 288 192 288 0 15 -15 1000000
w 48 304 112 304 0
165 256 80 272 80 2 0
w 32 224 64 224 0
w 64 224 64 0 0
w 64 0 320 0 0
w 320 0 320 48 0
w 112 272 112 208 0
w 112 208 224 208 0
w 224 208 256 208 0
w 224 208 224 176 0
w 224 176 256 176 0
c 224 208 224 240 0 1e-7 1.7120327474585229
g 224 240 224 256 0
w 224 176 176 176 0
w 176 48 416 48 0
w 416 48 416 144 0
w 416 144 384 144 0
w 384 112 368 32 0
w 368 32 320 0 0
w 192 288 240 288 0
r 176 176 176 48 0 100000
w 368 32 464 32 0
t 432 288 464 288 0 1 -17.88316069277544 -15.000021188274745 100
w 432 288 240 288 0
g 464 304 464 320 0
r 464 272 464 208 0 68
r 432 288 432 208 0 10000
162 464 160 464 208 1 2.1024259 1 0 0
w 432 208 432 160 0
w 432 160 464 160 0
w 464 160 464 32 0
162 512 160 512 208 1 2.1024259 1 0 0
w 464 160 512 160 0
r 512 208 512 272 0 68
w 512 272 464 272 0
o 33 64 0 551 5 0.1 0 -1

