$ 1 0.000005 0.26073472713092677 34 5 50
165 224 176 256 176 2 3.397669130956739e-16
w 288 144 352 144 0
w 352 208 352 144 0
174 144 176 160 240 0 100000 0.9950000000000001 Resistance
w 160 208 224 208 0
w 224 272 224 304 0
w 144 240 144 304 0
w 144 304 224 304 0
c 144 304 144 352 0 1e-11 0.007526342197691737
g 144 352 144 368 0
w 288 144 144 144 0
w 144 144 144 176 0
w 352 240 384 240 0
t 448 240 480 240 0 -1 -4.999751241728672 -5 100
w 480 224 480 144 0
w 480 144 352 144 0
162 480 256 480 320 1 2.1024259 1 0 0
w 480 256 512 256 0
162 512 256 512 320 1 2.1024259 1 0 0
w 512 256 544 256 1
162 544 256 544 320 1 2.1024259 1 0 0
w 480 320 512 320 0
w 512 320 544 320 0
r 544 320 544 368 0 68
g 544 368 544 384 0
v 64 256 64 208 0 0 40 5 0 0 0.5
w 64 208 64 144 0
w 384 240 448 240 0
w 64 256 64 352 0
w 64 352 144 352 0
w 64 144 96 144 0
w 96 144 144 144 0
o 12 64 0 559 10 4.523128485832664e+73 0 -1
o 20 64 0 551 5 0.1 1 -1
