$ 1 0.000005 10.200277308269968 50 5 50
R 288 32 288 16 0 0 40 3 0 0 0.5
r 288 32 288 80 0 20000
r 288 80 288 128 0 10000
r 288 128 288 176 0 6000
r 288 176 288 224 0 4000
r 288 224 288 272 0 2000
r 288 272 288 320 0 1000
r 288 320 288 368 0 10000
g 288 400 288 416 0
w 288 320 432 320 2
S 288 80 224 80 0 0 false 0
S 288 128 224 128 0 0 false 0
S 288 176 224 176 0 0 false 0
S 288 224 224 224 0 0 false 0
S 288 272 224 272 0 0 false 0
w 288 32 192 32 0
w 192 32 192 64 0
w 192 64 224 64 0
w 192 64 192 112 0
w 192 112 224 112 0
w 192 112 192 160 0
w 192 160 224 160 0
w 192 160 192 208 0
w 192 208 224 208 0
w 192 208 192 256 0
w 192 256 224 256 0
r 160 96 224 96 0 10000000
r 160 288 224 288 0 10000000
g 160 288 160 320 0
r 160 240 224 240 0 10000000
r 160 192 224 192 0 10000000
r 160 144 224 144 0 10000000
w 160 288 160 240 0
w 160 240 160 192 0
w 160 192 160 144 0
w 160 144 160 96 0
w 288 368 288 400 1
